
The total number of moves : 11975

   14 ,    19 ,    17 ,    21 ,    20 ,    25 ,    28 ,    26 ,    18 ,    16 ,    18 ,     9 ,    13 ,    18 ,    20 ,    17 ,    14 ,    14 ,    12 ,     7 
   21 ,    25 ,    21 ,    31 ,    32 ,    24 ,    30 ,    33 ,    25 ,    20 ,    26 ,    21 ,    18 ,    30 ,    28 ,    22 ,    15 ,    19 ,    26 ,    24 
   17 ,    32 ,    25 ,    23 ,    26 ,    17 ,    26 ,    18 ,    25 ,    29 ,    18 ,    24 ,    25 ,    17 ,    26 ,    27 ,    26 ,    19 ,    26 ,    26 
   11 ,    30 ,    32 ,    18 ,    23 ,    18 ,    24 ,    19 ,    19 ,    16 ,    23 ,    25 ,    12 ,    20 ,    28 ,    25 ,    24 ,    21 ,    18 ,    18 
   13 ,    24 ,    27 ,    23 ,    22 ,    26 ,    16 ,    21 ,    14 ,    16 ,    16 ,    19 ,    15 ,    18 ,    20 ,    21 ,    24 ,    15 ,    15 ,    12 
   13 ,    19 ,    22 ,    22 ,    28 ,    16 ,    20 ,    19 ,    20 ,    14 ,    18 ,    18 ,    17 ,    21 ,    22 ,    25 ,    16 ,    21 ,    22 ,    21 
    7 ,    10 ,    18 ,    33 ,    24 ,    18 ,    18 ,    19 ,    19 ,    10 ,    14 ,    17 ,    13 ,    19 ,    21 ,    20 ,    23 ,    27 ,    27 ,    21 
   12 ,    21 ,    22 ,    20 ,    17 ,    16 ,    15 ,    21 ,    16 ,    16 ,    10 ,    14 ,    14 ,    19 ,    17 ,    20 ,    25 ,    20 ,    23 ,    17 
   18 ,    23 ,    15 ,    17 ,    10 ,    16 ,    17 ,    15 ,    23 ,    23 ,    22 ,     9 ,    19 ,    22 ,    18 ,    22 ,    17 ,    20 ,    20 ,    12 
   25 ,    26 ,    16 ,    19 ,    24 ,    15 ,    17 ,    19 ,    23 ,    21 ,    15 ,    15 ,    18 ,    17 ,    28 ,    29 ,    25 ,    20 ,    18 ,    12 
   19 ,    17 ,    17 ,    10 ,    14 ,    15 ,    11 ,    20 ,    16 ,    13 ,    14 ,    23 ,    25 ,    15 ,    29 ,    22 ,    13 ,    21 ,    23 ,    10 
   21 ,    23 ,    16 ,    10 ,    16 ,    13 ,    12 ,    18 ,    24 ,    21 ,    29 ,    25 ,    20 ,    23 ,    20 ,    19 ,    20 ,    22 ,    18 ,     6 
   14 ,    21 ,    17 ,    12 ,    17 ,    15 ,    15 ,    14 ,    21 ,    14 ,    17 ,    24 ,    10 ,    21 ,    15 ,    19 ,    19 ,    26 ,    15 ,     8 
   12 ,    20 ,    20 ,    18 ,    11 ,     9 ,    18 ,    15 ,    21 ,    17 ,    18 ,    14 ,    22 ,    17 ,    27 ,    28 ,    20 ,    22 ,    17 ,    10 
   15 ,    20 ,    15 ,    15 ,    15 ,    15 ,    17 ,    18 ,    15 ,    20 ,    16 ,    22 ,    23 ,    25 ,    26 ,    30 ,    35 ,    23 ,    25 ,    15 
   12 ,    20 ,    20 ,    17 ,    12 ,    16 ,    12 ,    17 ,    12 ,    18 ,    16 ,    18 ,    25 ,    25 ,    29 ,    34 ,    23 ,    22 ,    25 ,    23 
   13 ,    20 ,    20 ,    21 ,    12 ,     9 ,     7 ,    12 ,    15 ,    10 ,    25 ,    22 ,    17 ,    24 ,    29 ,    17 ,    22 ,    24 ,    20 ,    16 
   10 ,    30 ,    26 ,    18 ,    11 ,    12 ,     7 ,     8 ,     8 ,    11 ,    16 ,    20 ,    15 ,    16 ,    13 ,    18 ,    27 ,    26 ,    19 ,    12 
   13 ,    23 ,    25 ,    15 ,    17 ,    17 ,     3 ,     9 ,     8 ,    10 ,    18 ,    15 ,    19 ,    24 ,    14 ,    16 ,    25 ,    25 ,    18 ,    16 
   11 ,    14 ,    22 ,    21 ,    20 ,    10 ,     8 ,    16 ,    12 ,    16 ,    12 ,    12 ,    12 ,     7 ,    15 ,    13 ,    23 ,    38 ,    21 ,    13 
    8 ,    10 ,    16 ,     3 ,    11 ,    14 ,     7 ,    11 ,    20 ,     9 ,     8 ,    14 ,    12 ,     8 ,    11 ,    12 ,    14 ,    18 ,    24 ,    12 
    5 ,    11 ,     9 ,     7 ,     5 ,     6 ,    10 ,    14 ,    15 ,    10 ,     7 ,    10 ,    19 ,     9 ,    12 ,    11 ,    14 ,    16 ,    21 ,     8 
    2 ,     4 ,     6 ,     7 ,     3 ,    10 ,     8 ,     8 ,     7 ,    10 ,     7 ,     7 ,    14 ,    13 ,    12 ,     7 ,    12 ,    11 ,    13 ,     2 
    4 ,     5 ,     4 ,     5 ,     7 ,     8 ,    14 ,     8 ,     9 ,     9 ,    13 ,    13 ,    13 ,     7 ,     7 ,     8 ,     5 ,     8 ,     8 ,     2 
    3 ,     7 ,     7 ,     5 ,     5 ,    12 ,    13 ,     8 ,     6 ,     9 ,     6 ,    12 ,     6 ,     6 ,     9 ,     6 ,     8 ,    10 ,     4 ,     2 
    2 ,     6 ,     5 ,    11 ,     5 ,     7 ,     7 ,    11 ,     9 ,     9 ,     8 ,     8 ,    12 ,     9 ,     8 ,     8 ,    10 ,     6 ,    10 ,     3 
   10 ,    10 ,     5 ,     3 ,    12 ,     5 ,     8 ,     5 ,     6 ,     6 ,    11 ,    19 ,    12 ,     8 ,    10 ,    11 ,     5 ,    10 ,    11 ,    10 
   10 ,     8 ,    11 ,     9 ,     7 ,     8 ,    12 ,     5 ,     6 ,     6 ,     6 ,    11 ,    11 ,    17 ,    10 ,     8 ,    11 ,    11 ,    20 ,     8 
    6 ,    15 ,    12 ,     7 ,     9 ,    12 ,     9 ,    10 ,     8 ,     8 ,    11 ,    13 ,    16 ,    14 ,    16 ,     9 ,    12 ,    13 ,    16 ,     9 
    9 ,    12 ,    10 ,    15 ,    11 ,    12 ,    19 ,    13 ,    16 ,     8 ,     9 ,    14 ,     9 ,    14 ,    15 ,    21 ,    18 ,    16 ,    12 ,    10 
    7 ,    12 ,    11 ,    13 ,    13 ,    14 ,    13 ,    13 ,    17 ,    14 ,     8 ,     9 ,     7 ,     9 ,    14 ,    14 ,    16 ,     9 ,    15 ,    12 
    7 ,     6 ,     8 ,     9 ,    14 ,    14 ,    13 ,     8 ,    14 ,    18 ,    11 ,    11 ,     6 ,    12 ,    11 ,    14 ,    11 ,    10 ,     9 ,    12 
    3 ,     7 ,     6 ,     9 ,     7 ,    17 ,    15 ,    13 ,    11 ,    15 ,     7 ,     9 ,     6 ,     6 ,     5 ,    10 ,    18 ,    14 ,    16 ,    14 
    1 ,    11 ,    12 ,    11 ,    15 ,    21 ,    18 ,    12 ,    14 ,    20 ,     6 ,     5 ,     3 ,     9 ,     7 ,     7 ,    16 ,    16 ,    17 ,    16 
    8 ,    10 ,    15 ,    16 ,    26 ,    24 ,    20 ,    13 ,    13 ,    10 ,     7 ,     4 ,     6 ,     7 ,     9 ,    17 ,    15 ,    20 ,    25 ,    17 
   14 ,    15 ,    19 ,    24 ,    22 ,    22 ,    14 ,     9 ,     6 ,    12 ,     5 ,     7 ,     8 ,    11 ,    11 ,    16 ,    18 ,    14 ,    20 ,    14 
   12 ,    14 ,     8 ,    21 ,    19 ,    14 ,    14 ,     6 ,     5 ,     3 ,     1 ,     6 ,     8 ,    15 ,    15 ,    20 ,    28 ,    33 ,    18 ,    10 
    4 ,    12 ,    12 ,    14 ,    13 ,    14 ,    20 ,    11 ,     9 ,     9 ,    10 ,     5 ,     8 ,    11 ,    14 ,    21 ,    35 ,    30 ,    21 ,     7 
    7 ,     9 ,    11 ,    13 ,    15 ,    15 ,    13 ,    12 ,    12 ,    15 ,     8 ,    14 ,    18 ,    15 ,    23 ,    31 ,    23 ,    24 ,    19 ,     5 
    3 ,     5 ,     8 ,    11 ,     7 ,    10 ,     7 ,     9 ,     4 ,    10 ,     9 ,     9 ,     8 ,    11 ,    13 ,    18 ,    15 ,    10 ,    11 ,     6 
